   2385.2763136    4188.4161258
   3073.0131837    4173.2482877
   2567.6407538    5804.9191900
   2921.5017811    4906.2369616
   2242.4931646    4070.2229296
   3042.3869183    4058.8144365
   2242.8330518    5029.2487026
   2399.7195311    5716.2273227
   2778.2387174    4168.5289496
   2407.7926704    4081.0151472
   2544.2593008    5928.5766429
   2350.8706941    4132.0135045
   2521.2648451    4484.5197388
   2456.8675319    5215.5459609
   2544.5221098    5657.6266244
   2493.9539120    5936.3343072
   2923.0770150    5907.6572187
   3102.8682188    4353.0843433
   2505.1713770    5365.8010399
   2249.7779512    5931.1078390
   2761.2556403    5236.8830858
   2434.4832119    4409.6001977
   3013.1273954    5020.4712084
   2754.4137993    4707.3739798
   2490.6351691    4490.6266360
   2923.9749230    4640.5946463
   2544.9019960    5674.7765296
   3081.0023184    5003.2718960
   2240.2560415    5319.2285467
   2614.7322490    5552.3761210
   2448.7329407    5489.8097691
   2694.0429483    4601.8465547
   2309.0967475    4081.4171496
   2652.7844700    5722.7511143
   3050.7059944    5484.9834918
   2359.2827440    5491.4356421
   2385.7151739    5512.9500626
   2270.7363768    5300.0324680
   3003.4047496    5497.8322840
   2583.9553239    5053.4223022
   2848.3404929    4338.3427442
   2614.7359088    4900.5527834
   2282.8063362    5428.3219624
   2442.7997709    4492.5418114
   2819.5541530    4864.3567185
   3124.1457104    5892.0997627
   2669.2024470    4441.6655398
   2265.9893158    5740.1875831
   2631.1763391    5061.2187179
   3188.0979305    5325.7547112
   3037.8176918    4411.4309186
   2888.7849580    4942.9337290
   3034.3512705    4796.0361172
   2937.0287155    4691.8418030
   2510.7854969    4503.6968144
   2749.4584015    5832.3572440
   2971.0230313    4173.3252770
   3047.6219810    4348.3660450
   2661.6575647    4007.7305667
   3121.8244712    5114.6434604
   3093.3472298    4076.2038383
   3195.3657759    4450.1790706
   2382.6967793    4262.6105893
   3115.5641545    5200.4347018
   2940.1295971    4399.8630396
   2768.5861725    4178.7048111
   3018.1529717    5472.3941670
   3054.4610196    5727.8628826
   2330.7077924    4840.5908253
   2650.1397982    5710.0904036
   2346.9688823    4755.8897370
   2849.0476191    4973.5009203
   2798.1919662    5848.0666166
   2960.0838464    5753.3621303
   3016.0922117    5520.0949487
   2782.7329309    5900.6911393
   2297.2838901    4110.4256206
   2709.1359075    5021.4947232
   2862.2805902    4199.8923072
   2830.7532189    5777.5944894
   2419.7479317    5220.5223261
   2958.3087141    5192.1757088
   3103.5454748    5736.0534148
   2257.9494092    4087.7309195
   2624.7914049    5880.4409141
   2965.2200866    5293.6828576
   2378.8059598    5969.1931247
   3156.9761983    5662.0199411
   2550.8845250    4536.5552287
   2552.2540369    5098.1525871
   2652.9911077    5407.3583888
   2455.3071929    5622.0899699
   2513.2245666    5632.9776885
   2831.5154035    4748.7628785
   2419.7725648    5837.7484623
   2270.6140290    4448.5746428
   2713.2083676    5128.2828228
   2753.2162506    5387.3010560
   2691.4913446    4978.4568717
   2382.3722917    4410.3371662
   2555.6818698    5242.7812347
   2388.4195417    4934.3488224
   2849.2728964    4121.9968760
   2324.0571885    4899.6873142
   2577.5249140    4825.9105909
   2992.2577073    5397.5073394
   2729.0766515    5539.0236796
   2355.6912073    5610.4714209
   2974.0782190    5658.5839057
   2972.3357022    5128.6026318
   2888.8977133    4153.2407158
   2769.7926087    5630.3673598
   2295.1190313    4040.5032433
   2761.1300269    5777.7615531
   2941.9353041    5182.5603078
   2605.1039260    5475.5765044
   2597.1569106    4577.5684391
   2978.2532660    5765.1646983
   2903.3241268    5362.4433961
   2775.8332403    4984.2834307
   3114.4842029    5475.0355306
   2398.9853772    5941.5594449
   2271.1458605    4539.3382743
   2711.3910262    4842.9498780
   2962.7164202    5082.3023436
   2236.9114607    4906.3885625
   2678.8641692    5536.8112266
   2711.1022561    4751.8798237
   2520.8644591    5208.9695687
   2832.5633515    4024.0359937
   3162.2611338    4229.6639836
   2286.7131724    4407.6322528
   3101.2877213    5476.2576323
   2864.6431600    4640.5440972
   3063.4468626    4557.5450028
   3093.2381384    4692.4853027
   2705.8260634    4441.8965535
   2484.9629216    4192.5588789
   2309.0774957    5331.6738945
   2501.2541677    5604.3803466
   3169.4590537    4511.8514793
   2699.9775644    5040.1557177
   2295.2777619    4780.2667032
   2582.3336104    4281.1153887
   2394.5105755    4846.5569688
   3017.0775306    5520.1359789
   2313.4880669    5942.6516951
   2710.0986115    5664.1457086
   2221.3193504    4574.6110566
   2699.5283758    5057.8232509
   3140.3811324    4636.0561917
   3157.5688625    5857.1090708
   2678.3501575    5806.5399484
   2381.8514461    4364.9058158
   2477.5604076    5700.2691150
   2540.3947471    4962.8101150
   2227.0254452    4702.0170146
   2399.6694246    5092.4045825
   2767.6084962    4349.3724092
   3116.5301851    5733.6579848
   3026.6113869    5218.1243954
   2368.6202572    4393.2712168
   3139.5288208    5201.4844588
   2673.1241695    5166.4010641
   2543.1401090    4744.0532816
   2908.0159200    5136.6976595
   3184.5128744    4031.8725512
   3032.8315901    5787.5673101
   2827.5902599    5603.7631949
   2710.3123620    5321.0131732
   2248.3695352    4159.3359203
   3147.3230023    4524.2838090
   2930.8805736    5154.3287700
   2652.1290988    4114.5260314
   2782.2558957    4033.8950671
   2898.5450513    4597.8024882
   2533.6611484    4921.7470699
   2501.8944798    4666.9441732
   3021.8675456    5743.9712006
   2200.9196052    5657.7578673
   3167.3991795    4877.6004146
   2318.1334995    4661.6493909
   3009.5667328    5262.1669079
   2739.2740627    4036.7240981
   3043.5950478    4288.9543883
   2555.2354631    5247.4555794
   3009.0763048    5143.4940140
   2717.9779390    5758.7767734
   2610.4925153    5547.6246405
   2815.3808756    4834.0272345
   2948.1938775    5419.1186714
   2582.9091156    5469.4381804
   2375.6237333    4034.6732006
   2469.7512077    5312.2459918
   2615.9306667    5784.4619695
   2293.6918494    4240.6925510
   2382.2394406    5478.5440019
   2605.6437493    5954.9748145
   2774.7406798    5374.5622264
   3038.5152557    5642.4676265
   2777.1143109    5811.5413222
   2601.4763312    5058.1514873
   2504.0506867    4600.2243001
   2561.4692417    5932.7923279
   3131.1939009    5360.8005296
   2669.1357193    4691.1085845
   2792.3808030    4360.0375544
   2481.6410568    4062.7013395
   2668.6660934    5349.7086364
   3094.3707967    4778.0826825
   2421.1977582    5153.0941621
   3109.1767142    5467.0570184
   3046.3432824    5437.9893949
   2759.9148610    4945.7145165
   2742.5756343    4249.2568028
   2681.9478916    4112.7547509
   2562.2909019    4084.6121203
   2959.2929645    4647.7553923
   2910.9354283    4656.3836692
   2504.8595004    5864.0144631
   2945.2098434    5551.9199384
   2532.1672730    4311.2156869
   2855.5375887    4438.9606945
   2524.6679343    5986.5693714
   2597.8295124    5226.4576110
   2284.0087559    5997.6978857
   2737.5508408    5151.3019204
   2739.0836340    4459.6805428
   2877.5281928    4430.5214105
   2728.6428463    5928.4745335
   3024.1255843    4556.4839332
   2726.5140070    5694.5575991
   2858.8753930    4785.2215725
   3008.2547445    4523.1463200
   2957.1504017    4165.1513159
   2930.9384133    4468.9999668
   3011.3380232    5425.0036539
   3108.8865363    4847.5812387
   2516.6367567    4906.8137708
   2774.2711581    4711.1144371
   2552.3823698    4641.9664918
   2564.2132895    4109.6517738
   2991.0650776    4581.4365946
   2963.7694230    5761.2075044
   2592.6960593    5099.7246061
   2741.2745064    4676.1104962
   2429.7144852    5299.5639731
   2537.9904016    5167.6828201
   2358.0708473    4334.1663618
   2943.5590078    4773.0785264
   2617.7508355    4918.5213258
   2330.0589676    5470.4419470
   2881.9259245    5761.5709179
   2260.1705297    4708.8962501
   2720.5367751    4721.3660779
   2655.2838895    4705.3770394
   2656.1140660    4557.9067588
   2677.5046942    4012.5907518
   2981.3233676    5788.4034535
   3090.3025355    5872.8172580
   2795.4200041    5103.2541759
   2834.1838232    4472.9907183
   2572.1036204    4456.0392289
   2267.1464297    4054.5182920
   3007.9716506    5722.2515943
   2503.7336629    5812.3599465
   2674.5955961    4939.3115632
   2338.8601886    5030.2933329
   2806.5436388    4657.1377207
   2458.7420565    4959.8950652
   2852.2873287    5700.0054923
   2613.9079328    5475.7093645
   3155.5459077    4490.1334655
   2957.2146422    5115.1953740
   2512.2039149    5281.5435792
   2463.6599257    5210.5850494
   2516.5841330    4591.9051393
   2757.6945866    5960.8447529
   2869.1421198    5151.3810063
   2929.7295766    5605.8924038
   2378.2788150    5140.1571812
   2312.2290457    5217.6340091
   2430.8856126    5206.4169660
   2391.4859041    4489.8458020
   2822.6044552    5567.9621681
   2409.5927820    4101.3921763
   2872.4345659    4657.4712591
   2761.3550174    4332.9988088
   2431.1457476    5665.4929090
   2338.0195213    4020.2556927
   2685.5765435    4231.4379537
   2611.9739447    5690.4953027
   3000.1371771    5186.0903257
   2451.2942818    4348.8323684
   2410.0369701    5362.9515092
   2665.9358726    5820.0986425
   3088.2942558    5727.4149021
   2521.3476952    5009.6459618
   3010.2895940    5009.9883500
   3052.3917780    5890.0517062
   2349.2873257    4878.8809453
   2270.3911332    4606.6655989
   2617.2090348    4369.2055770
   2320.9860954    4022.1767678
   3199.4776246    4269.1228180
   2587.4335305    4020.0995886
   2672.3199307    5040.9532296
   2398.6523945    5544.3141286
   2701.9057088    4198.2950229
   2625.3387809    4309.6436299
   2461.3597080    4828.0259283
   2953.2654740    4667.1675654
   3116.5171864    4748.0804297
   2539.0554421    4540.4962894
   2309.2478837    4035.3935542
   2430.9709147    4837.1070242
   2271.6869377    4839.8192685
   3183.0170617    5758.2808578
   2337.2892813    5031.4069776
   2355.1443254    5581.1898320
   2647.7086585    4740.2332299
   3168.0089842    4770.5731618
   2837.5885377    5900.9348419
   2710.4300108    5614.9792079
   3076.9162525    5589.0116582
   3053.4850894    5621.8556511
   3157.3475891    4729.6041663
   2918.1331441    4922.8066439
   2504.8369606    5001.7679730
   2664.1989442    5109.6336694
   3076.0677224    5019.2854131
   2347.0018447    4252.1451883
   2929.7056677    5583.0772825
   2635.0204293    4719.3763497
   2782.9710484    5588.0489689
   2252.0668787    5835.8575858
   3094.2905734    5715.9177562
   3033.5395591    4758.0827121
   2626.2902352    5895.8442194
   2268.7986154    4542.6766366
   2462.1583462    5873.1909986
   2339.5594370    4131.1897621
   2215.6016878    4282.1223666
   2414.4410107    4973.2451628
   3022.3975395    5202.8210065
   3066.0687490    5938.2209025
   2260.8582939    5397.3878708
   2904.4661655    5334.1274363
   2732.9318130    4703.6031871
   3174.7718185    4315.5867752
   2640.9674550    4291.8001015
   2852.1208057    5107.9467039
   3145.7605156    5645.7849324
   2537.1919380    5338.3420096
   2301.5138622    5763.6896031
   2211.5820712    4920.0358019
   2493.0825807    4001.0167598
   2912.1506552    5170.9549222
   2735.1600584    4472.0858430
   2381.7959611    5799.5569196
   3021.8830461    5280.7301730
   3143.2953109    4956.2286527
   2864.1510253    5648.6619406
   2991.0533260    4189.6928820
   2524.6088227    5063.0636002
   2287.8675258    5791.9768504
   2454.4539263    4527.4650888
   2638.1385747    5631.6118050
   2602.7886497    5400.1260198
   3065.8770672    5574.7969333
   2305.0583246    5857.0943744
   2957.5134411    5892.4912156
   2758.2779429    5973.4335991
   2302.8086490    5606.6836173
   3106.6294832    5385.2662008
   2743.9423332    5796.6612128
   2204.6102723    5335.8143331
   2902.6531841    5875.9095574
   2901.7560281    5907.2974702
   2694.5718575    4477.1482266
   2568.9300008    5820.2166984
   3119.1375769    4445.5189269
   2294.8652558    4932.4560965
   3090.8457880    4348.3822843
   2861.9022812    5412.0538939
   2453.6865723    5979.3267633
   3151.5526607    4664.1677569
   2596.5320162    4947.7950684
   2470.2905518    4585.4930294
   2418.6229482    5424.0460488
   2507.4680136    4886.6603301
   2803.4792074    5876.8186659
   2419.8244685    5324.8322719
   2592.1340927    4517.4919010
   3095.1867580    5744.2232404
   2650.4598930    5029.5411828
   2309.5243208    4402.0794424
   2465.6589163    5897.3362278
   3127.1147009    5822.9450807
   2401.6491359    4113.9837209
   2516.2844276    5735.8340886
   2477.2754603    5779.2930387
   3082.5071478    4718.5641541
   2871.1857852    4692.3759548
   2450.8685369    4833.6285371
   2459.9676720    5530.3461705
   2465.0424583    4058.8029498
   2333.0697082    5827.5309403
   2833.5633837    5261.6023913
   2514.9715273    4804.1167292
   2410.6360564    5264.6941631
   2993.9721405    5826.6669052
   2428.0660829    5588.6509571
   2811.7283690    4896.4429361
   2971.0467480    4716.1187592
   2715.5196276    5696.3089498
   2418.0680334    5798.7873553
   2905.9336662    5525.2539606
   2669.1277430    5817.0025373
   2794.6845801    5790.3075058
   3087.7160378    4431.1442185
   2908.4296821    4792.9331225
   2235.5773328    5135.0300121
   2505.2478054    4483.8014494
   2767.3576739    4689.0039204
   3090.2449493    4132.4803032
   3012.5391936    5467.6423222
   2402.1697398    5024.7924491
   2431.0417359    5207.9865096
   2927.0612059    5925.5307319
   2526.7050859    5140.8710815
   2748.2607651    4780.2856614
   3140.5967031    5368.3771233
   2427.2778691    4607.1340220
   3074.6678189    5739.6970992
   3107.6476613    5984.3594129
   2776.8906148    4688.8536501
   2477.0774753    4937.5814128
   3091.1820617    4736.4672529
   3073.5001347    5731.3933914
   3101.4059073    5715.9455031
   3031.7487015    5607.5021555
   2882.5202249    5367.1420017
   2982.4366906    5497.9163080
   2307.0775947    4593.5535509
   2644.2620573    5631.1326645
   2987.9691575    5845.3063838
   2286.1995892    4586.5695646
   2642.2110332    5373.1420201
   3033.7964371    4755.0054814
   2212.0652650    5659.1359539
   2942.2077494    5206.4013627
   3126.0052304    4631.8078661
   2797.6116673    4034.3295972
   2797.8160148    4758.6561056
   3045.6301945    5237.3095911
   3038.8660282    4483.7751373
   2328.8888781    5298.4465102
   2514.4642913    5411.7027325
   2669.3706961    4335.1532274
   2602.5098081    5329.3773386
   2900.7749767    5094.8149169
   2777.3543468    5280.7873641
   2641.6808001    4514.9092686
   2775.6652164    5141.2884228
   3075.1272413    5951.1319679
   2909.8147349    5364.9588342
   2546.3098660    4086.1281519
   2264.2691272    5084.2273323
   2959.5216032    4472.2041114
   2440.6726169    4518.7038700
   2456.3116585    5788.1591665
   2518.4395695    5073.4788428
   2987.8367947    5802.9625246
   2376.4255261    5649.9805252
   3036.4300902    4668.0255672
   2305.6106246    4966.8835833
   2497.2976930    5692.8192468
   2246.5429301    4918.2318375
   2520.2661018    5926.8739639
   2390.7961487    4502.7622564
   3079.8129820    4949.9096705
   2874.1663712    4907.1011202
   2801.1192476    5169.8132268
   3019.2622397    5489.2265190
   3179.4642253    4152.6487748
   2546.3001110    4134.7728559
   3036.4876315    4157.8054882
   2405.3421146    4845.2116066
   2759.9644042    5484.7725266
   2448.0536061    5542.6610358
   3135.8129126    4465.3409784
   2528.7978146    4569.5749704
   2557.9391716    5161.9034128
   2809.2379178    4367.7197942
   2882.5721363    4370.9204542
   2410.9264851    4295.4722193
   2694.3633824    4728.6772223
   2249.1055846    5112.0716900
   3139.9811802    4266.5002060
